
series {
  title = "Taze meyve ve sebze"
  start = 2016.12
  period = 12
  data = 292.5, 392.13, 389.79, 410.22, 411.03, 379.08, 343.59, 320.86, 302.24, 299.73, 328.72, 352.51, 373.21, 385.73, 403.33, 411.82, 389.9, 389.97, 458.25, 443.96, 416.81, 472.43, 492.48, 467.24, 488.04, 633.04, 644.3, 702.92, 677.11, 575.68, 510.87, 463.06, 455.47, 447.46, 490.23, 473.63, 502.4, 604.2, 645.48, 656.84, 662.83, 641.12, 593.06, 545.16, 539.8, 550.48, 592.0, 642.79, 672.81, 665.95, 700.64, 703.05, 752.99, 704.99, 651.91, 688.35, 757.76, 734.39, 749.76, 735.45, 793.51, 958.73, 1267.05, 1275.85, 1541.91, 1370.81, 1162.49, 1220.08, 1143.05, 1165.61, 1332.71, 1465.19, 1416.77, 1507.36, 1779.36, 1731.53, 1789.0, 1700.23, 1830.77, 2153.86, 2354.43, 2359.95, 2368.84, 2305.84, 2568.49, 2764.97, 3144.93, 3162.98, 3183.76, 3082.91, 3269.89, 3372.65, 3035.54, 3131.66, 3732.87, 4407.88, 4335.05, 4483.06, 4428.65, 4957.878241503638
}

arima {
  model = (0 1 1)
}

outlier {
  types = none
}

transform {
  function = none
}

estimate {
  maxiter = 50
}
